0.60003	2.00457	0.09516
0.60044	2.09635	0.09274
0.60085	2.00022	0.08945
0.60126	1.72847	0.08448
0.60167	2.06002	0.09179
0.60208	1.86639	0.08549
0.60249	1.89692	0.08251
0.6029	1.77885	0.08005
0.60372	1.80173	0.07924
0.60413	1.96147	0.08223
0.60454	1.75252	0.07932
0.60495	2.04419	0.08012
0.60536	2.00831	0.07976
0.60577	1.93683	0.07791
0.60618	1.9527	0.07947
0.60659	1.94767	0.07027
0.60701	1.80723	0.07273
0.60742	1.99109	0.07856
0.60783	2.00225	0.06841
0.60824	1.91681	0.07289
0.60865	2.04229	0.06952
0.60906	2.16295	0.08024
0.60948	2.13038	0.07294
0.60989	1.9151	0.07471
0.6103	1.68137	0.06145
0.61071	1.81851	0.07359
0.61113	2.05954	0.06942
0.61154	1.79051	0.06825
0.61195	2.04146	0.07462
0.61236	1.90002	0.06922
0.61278	1.77751	0.06719
0.61319	1.98301	0.06397
0.6136	2.01254	0.07043
0.61443	2.00634	0.066
0.61484	1.80249	0.06423
0.61526	2.1238	0.06786
0.61567	1.96261	0.0696
0.61609	1.84733	0.0716
0.6165	1.99743	0.06535
0.61692	1.95133	0.06461
0.61733	2.17891	0.0575
0.61775	1.92502	0.06059
0.61816	1.69247	0.06285
0.61858	1.87634	0.05588
0.61899	1.89856	0.05956
0.61941	2.07123	0.06104
0.61982	1.94799	0.06057
0.62024	1.94819	0.06202
0.62065	1.73204	0.05929
0.62107	1.92227	0.0602
0.62148	2.06907	0.05836
0.6219	2.05963	0.0548
0.62232	2.07667	0.05571
0.62273	1.79758	0.05174
0.62315	2.1288	0.06134
0.62357	1.90624	0.05383
0.62398	1.82631	0.05275
0.6244	2.06278	0.05504
0.62482	2.08244	0.05376
0.62523	1.8991	0.05779
0.62565	1.8945	0.06054
0.62607	1.74813	0.05487
0.62649	2.04902	0.0512
0.6269	1.95925	0.05364
0.62732	1.93904	0.05329
0.62774	1.87409	0.05169
0.62816	1.87639	0.05017
0.62858	1.99964	0.05021
0.62899	2.05591	0.05608
0.62941	1.8977	0.05026
0.62983	2.00563	0.05217
0.63025	2.00836	0.05299
0.63067	1.83553	0.05232
0.63109	1.74202	0.05087
0.63151	1.8048	0.05106
0.63193	1.87804	0.05321
0.63235	1.98476	0.05168
0.63276	2.00894	0.04862
0.63318	1.84683	0.0504
0.6336	1.96648	0.04967
0.63402	1.93031	0.04849
0.63444	2.03775	0.0503
0.63486	1.88664	0.04623
0.63528	1.99772	0.05091
0.6357	2.02372	0.04796
0.63613	2.04353	0.05216
0.63655	1.88494	0.04825
0.63697	1.84266	0.04484
0.63739	1.85723	0.05057
0.63781	1.69797	0.0456
0.63823	1.90081	0.04687
0.63865	1.83244	0.04483
0.63907	1.74551	0.04467
0.63949	1.82054	0.04772
0.63992	2.03514	0.04744
0.64034	1.97967	0.04481
0.64076	1.96135	0.04373
0.64118	2.02423	0.04617
0.6416	1.89058	0.04705
0.64203	1.96106	0.04555
0.64245	2.09503	0.04469
0.64287	1.9534	0.04454
0.64329	1.86608	0.04367
0.64372	1.9608	0.04056
0.64414	1.86194	0.04216
0.64456	1.99605	0.04593
0.64499	1.98452	0.04187
0.64541	2.01374	0.04284
0.64583	1.78014	0.04252
0.64626	1.84263	0.0423
0.64668	1.83994	0.04232
0.6471	1.82619	0.04296
0.64753	1.90355	0.04181
0.64795	1.91202	0.04072
0.64838	1.83256	0.04081
0.6488	1.91586	0.04071
0.64923	2.00155	0.04146
0.64965	1.88149	0.04056
0.65007	2.01274	0.04524
0.6505	1.98737	0.04001
0.65092	1.86485	0.04015
0.65135	1.96484	0.03891
0.65177	1.9243	0.04184
0.6522	1.85843	0.03845
0.65263	1.86907	0.03842
0.65305	1.88993	0.03742
0.65348	1.92403	0.03946
0.6539	1.9254	0.04265
0.65433	1.94678	0.03981
0.65475	1.8592	0.03686
0.65518	1.88864	0.04007
0.65561	1.92828	0.03935
0.65603	1.95754	0.03986
0.65646	1.9342	0.04098
0.65689	1.89507	0.0419
0.65731	2.07395	0.0387
0.65774	1.8816	0.03923
0.65817	2.01095	0.0366
0.65859	2.04635	0.03367
0.65902	1.90746	0.0386
0.65945	1.87895	0.03446
0.65988	1.85957	0.03622
0.6603	1.93929	0.03438
0.66073	1.85334	0.0349
0.66116	1.87622	0.03701
0.66159	1.89628	0.03416
0.66202	2.06932	0.03234
0.66244	2.01451	0.03505
0.66287	1.92524	0.03704
0.6633	1.90545	0.03397
0.66373	1.91037	0.03786
0.66416	1.82776	0.03128
0.66459	1.93843	0.03427
0.66502	1.91079	0.03534
0.66544	1.9935	0.03212
0.66587	1.84955	0.03306
0.6663	1.80061	0.0329
0.66673	1.94524	0.03349
0.66716	1.81211	0.0318
0.66759	1.95121	0.03071
0.66802	1.96455	0.03244
0.66845	1.84346	0.02944
0.66888	2.00305	0.032
0.66931	1.85886	0.0324
0.66974	1.91457	0.0319
0.67017	1.86178	0.03242
0.6706	1.96115	0.0328
0.67103	1.92196	0.03038
0.67146	1.93995	0.03409
0.67189	1.92603	0.03067
0.67233	1.95506	0.03148
0.67276	1.98455	0.0336
0.67319	1.82122	0.03118
0.67362	1.91722	0.03113
0.67405	1.93329	0.03194
0.67448	1.87807	0.03158
0.67491	1.9648	0.03044
0.67535	1.89228	0.03066
0.67578	1.84548	0.03088
0.67621	2.0212	0.03212
0.67664	1.90289	0.03373
0.67707	1.9378	0.03033
0.67751	1.92217	0.03001
0.67794	1.93643	0.02852
0.67837	1.9397	0.02928
0.6788	1.9066	0.03174
0.67924	1.85339	0.03139
0.67967	2.00163	0.03187
0.6801	1.90978	0.03246
0.68054	1.91908	0.03194
0.68097	1.88311	0.02895
0.6814	1.92415	0.0302
0.68184	1.89458	0.02924
0.68227	1.96474	0.03031
0.6827	1.80091	0.0304
0.68314	1.88892	0.02837
0.68357	1.90154	0.03125
0.68401	1.84234	0.02954
0.68444	1.9575	0.02947
0.68487	1.92796	0.0307
0.68531	1.89162	0.03176
0.68574	1.89047	0.03092
0.68618	1.89318	0.02892
0.68661	1.95519	0.03176
0.68705	1.87242	0.0287
0.68748	1.84502	0.03131
0.68792	1.91962	0.02931
0.70277	1.86413	0.02649
0.70321	1.83456	0.02745
0.70365	1.91801	0.02876
0.70409	1.95007	0.02888
0.70453	1.91951	0.0269
0.70497	1.83822	0.02668
0.70541	1.86866	0.02688
0.70585	1.82487	0.02755
0.70629	1.8908	0.02827
0.70673	1.93701	0.02799
0.70717	1.93072	0.02763
0.70761	1.93769	0.02469
0.70805	1.91709	0.02849
0.70849	1.8902	0.02795
0.70893	1.9071	0.02812
0.70937	1.9047	0.02984
0.70981	2.036	0.02681
0.71025	1.90929	0.02709
0.71069	1.91964	0.02719
0.71113	1.9277	0.03055
0.71157	1.87156	0.02778
0.71201	1.95565	0.02814
0.71245	1.91965	0.0281
0.7129	1.90684	0.02798
0.71334	1.8363	0.02802
0.71378	1.83982	0.02769
0.71422	1.8025	0.0265
0.71466	1.89968	0.02863
0.7151	1.85609	0.02766
0.71555	1.88911	0.02676
0.71599	1.93537	0.02778
0.71643	1.9288	0.02833
0.71687	1.95525	0.02814
0.71731	1.91801	0.02844
0.71776	1.91074	0.02882
0.7182	1.92973	0.02767
0.71864	1.87708	0.0288
0.71908	1.91414	0.02799
0.71953	1.88652	0.02965
0.71997	1.92941	0.02663
0.72041	1.98788	0.02826
0.72086	1.9158	0.0279
0.7213	1.88646	0.03069
0.72174	1.90703	0.02848
0.72219	1.91753	0.02779
0.72263	1.91304	0.02778
0.72307	1.89612	0.02623
0.72352	1.97991	0.02905
0.72396	1.96966	0.02637
0.7244	1.91453	0.02725
0.72485	1.89409	0.02693
0.72529	1.89983	0.02695
0.72574	1.87583	0.02957
0.72618	1.89735	0.02647
0.72662	1.9253	0.02838
0.72707	1.89759	0.02896
0.72751	1.92657	0.02704
0.72796	1.93561	0.02861
0.7284	1.92806	0.02724
0.72885	1.92836	0.02762
0.72929	1.86858	0.02952
0.72974	1.97535	0.02639
0.73018	1.84678	0.02606
0.73063	1.89658	0.02834
0.73107	1.85863	0.02682
0.73152	1.87487	0.02626
0.73196	1.89651	0.02773
0.73241	1.91788	0.02905
0.73286	1.87706	0.03067
0.7333	1.90923	0.02894
0.73375	2.00386	0.02838
0.73419	1.95561	0.02733
0.73464	1.97927	0.02873
0.73509	1.99359	0.02739
0.73553	1.93065	0.02781
0.73598	1.942	0.02879
0.73643	1.86438	0.02714
0.73687	1.88293	0.02822
0.73732	1.9206	0.02783
0.73777	1.91212	0.02756
0.73821	1.90754	0.0276
0.73866	1.8304	0.02703
0.73911	1.89545	0.02791
0.73955	1.78908	0.02586
0.74	1.87367	0.02659
0.74045	1.85705	0.02898
0.7409	1.96051	0.02815
0.74134	1.91072	0.02867
0.74179	1.85413	0.02762
0.74224	1.87873	0.02758
0.74269	1.93533	0.02922
0.74314	1.8804	0.02964
0.74358	1.8769	0.02646
0.74403	1.84524	0.03022
0.74448	1.82655	0.02835
0.74493	1.94652	0.02948
0.74538	1.914	0.02916
0.74582	1.88278	0.02883
0.74627	1.9151	0.02949
0.74672	1.92882	0.02873
0.74717	1.92676	0.02974
0.74762	1.93739	0.02933
0.74807	1.92582	0.02819
0.74852	1.85982	0.0287
0.74897	1.85	0.02856
0.74942	1.91446	0.03048
0.74987	2.02709	0.02938
0.75032	1.92898	0.02912
0.75076	1.93135	0.02698
0.75121	1.86911	0.02951
0.75166	1.8851	0.02877
0.75211	1.94939	0.02812
0.75256	1.93665	0.02878
0.75301	1.98057	0.02836
0.75346	1.86592	0.03028
0.75391	1.85962	0.02927
0.75436	1.85134	0.02964
0.75482	1.81259	0.03062
0.75527	1.80187	0.02967
0.75572	1.89339	0.02833
0.75617	1.89055	0.02944
0.75662	1.93139	0.02746
0.75707	1.94753	0.0292
0.75752	1.93578	0.02961
0.75797	1.87178	0.02971
0.75842	1.89843	0.03301
0.75887	1.8589	0.02992
0.75932	1.80884	0.02862
0.75978	1.86035	0.03072
0.76023	1.9514	0.02892
0.76068	1.89979	0.02929
0.76113	1.88079	0.02894
0.76158	1.83951	0.02802
0.76203	1.91811	0.03187
0.76249	1.98049	0.03066
0.76294	1.78816	0.03022
0.76339	1.91382	0.02909
0.76384	1.93696	0.03107
0.76429	1.93252	0.03075
0.76475	1.8628	0.02819
0.7652	1.82709	0.02601
0.76565	1.84506	0.02961
0.7661	1.91392	0.03075
0.76656	1.99276	0.03384
0.76701	1.91203	0.03058
0.76746	1.90875	0.03191
0.76792	1.89336	0.02852
0.76837	1.87725	0.03243
0.76882	1.93215	0.02896
0.76927	1.84018	0.0277
0.76973	1.96307	0.03188
0.77018	1.89307	0.0312
0.77063	1.92046	0.02794
0.77109	1.92862	0.02981
0.77154	1.89103	0.02907
0.772	1.87046	0.02814
0.77245	1.99783	0.03272
0.7729	1.8411	0.02953
0.77336	1.87785	0.03185
0.77381	1.86562	0.03016
0.77427	1.91179	0.03092
0.77472	1.89514	0.03248
0.77517	1.88294	0.03
0.77563	1.97675	0.0297
0.77608	1.85841	0.03211
0.77654	1.95056	0.03285
0.77699	1.84199	0.03338
0.77745	1.95314	0.03043
0.7779	1.88121	0.0306
0.77836	1.82812	0.03419
0.77881	1.99429	0.02931
0.77927	1.90696	0.03114
0.77972	1.93101	0.03406
0.78018	1.87589	0.03109
0.78063	1.84092	0.03216
0.78109	1.89661	0.03251
0.78154	1.83921	0.03161
0.782	1.98007	0.03333
0.78246	1.96286	0.03147
0.78291	1.87546	0.03084
0.78337	1.97731	0.03354
0.78382	1.87973	0.03435
0.78428	1.73179	0.03089
0.78473	1.85158	0.03278
0.78519	1.90904	0.03171
0.78565	1.79012	0.03003
0.7861	1.9344	0.03141
0.78656	1.92686	0.03197
0.78702	1.8603	0.0326
0.78747	2.01764	0.03518
0.78793	1.86324	0.03098
0.78839	1.93867	0.03287
0.78884	1.87255	0.03343
0.7893	1.8677	0.03249
0.78976	1.88358	0.03305
0.79021	1.93054	0.03337
0.79067	1.92437	0.03529
0.79113	2.04234	0.03559
0.79159	2.00122	0.03059
0.79204	1.80152	0.03381
0.7925	1.93036	0.03334
0.79296	1.90883	0.03077
0.79342	1.87056	0.03377
0.79387	1.89935	0.03258
0.79433	1.83384	0.0338
0.79479	1.88237	0.03364
0.79525	1.81643	0.03562
0.79571	1.90623	0.03614
0.79616	1.91639	0.03533
0.79662	1.89748	0.03503
0.79708	1.93005	0.0325
0.79754	1.95182	0.03524
0.798	1.90598	0.03567
0.79846	1.91883	0.03643
0.79891	1.86995	0.03498
0.79937	1.90196	0.03683
0.79983	2.01555	0.03693
0.80029	1.8617	0.03434
0.80075	1.8556	0.03394
0.80121	1.92443	0.03447
0.80167	1.92846	0.03519
0.80213	1.88266	0.03417
0.80259	1.92055	0.03543
0.80304	1.92136	0.03763
0.8035	1.91982	0.03644
0.80396	1.94273	0.03551
0.80442	1.80536	0.03412
0.80488	1.79916	0.03756
0.80534	1.85659	0.03765
0.8058	1.88769	0.0357
0.80626	1.84419	0.03667
0.80672	1.87923	0.03784
0.80718	1.88985	0.03439
0.80764	1.86416	0.03517
0.8081	1.97718	0.03688
0.80856	1.89014	0.03859
0.80902	1.93359	0.03796
0.80948	1.99855	0.03654
0.80994	1.91834	0.03742
0.8104	1.92586	0.03851
0.81086	1.85352	0.03589
0.81132	1.87069	0.03897
0.81179	1.97354	0.03655
0.81225	1.86863	0.03675
0.81271	1.84001	0.03653
0.81317	1.96791	0.0363
0.81363	1.88222	0.03885
0.81409	1.87193	0.03912
0.81455	1.92063	0.03811
0.81501	1.84457	0.03692
0.81547	1.97661	0.03705
0.81593	1.91967	0.03809
0.8164	1.86751	0.03828
0.81686	1.91959	0.03849
0.81732	1.96927	0.03738
0.81778	1.82346	0.03952
0.81824	1.89946	0.038
0.8187	1.85999	0.03812
0.81917	1.89402	0.03963
0.81963	1.87068	0.0406
0.82009	1.82581	0.04069
0.82055	1.8089	0.04051
0.82101	1.92881	0.03852
0.82148	1.90829	0.03955
0.82194	1.933	0.0396
0.8224	1.87033	0.03898
0.82286	1.8903	0.04304
0.82333	2.05562	0.03783
0.82379	1.88351	0.04057
0.82425	1.96778	0.03928
0.82471	1.81288	0.04391
0.82518	1.82382	0.04069
0.82564	1.8556	0.04129
0.8261	1.82713	0.03761
0.82657	1.99322	0.03965
0.82703	2.01231	0.03992
0.82749	1.81534	0.04019
0.82796	1.92244	0.03818
0.82842	1.96518	0.04289
0.82888	1.93225	0.04156
0.82935	1.87022	0.04002
0.82981	1.90648	0.04506
0.83027	1.85028	0.03821
0.83074	1.91979	0.03668
0.8312	1.95097	0.04261
0.83166	1.87062	0.04119
0.83213	1.80297	0.04106
0.83259	1.89179	0.04165
0.83305	1.75532	0.04304
0.83352	1.8567	0.04455
0.83398	1.92721	0.04155
0.83445	1.87062	0.04227
0.83491	1.73094	0.04154
0.83538	1.9072	0.04187
0.83584	1.92147	0.04073
0.8363	1.97371	0.04303
0.83677	1.89385	0.04101
0.83723	1.889	0.04385
0.8377	1.92599	0.042
0.83816	1.87725	0.04157
0.83863	1.95119	0.04511
0.83909	1.95925	0.04277
0.83956	1.98262	0.04471
0.84002	1.83773	0.04624
0.84049	1.90679	0.04352
0.84095	1.9556	0.04338
0.84142	1.90859	0.04301
0.84188	2.02074	0.04386
0.84235	1.94154	0.04335
0.84281	1.93916	0.04621
0.84328	1.8662	0.04715
0.84374	1.9318	0.0441
0.84421	1.96407	0.04877
0.84468	1.8792	0.04754
0.84514	1.98103	0.04236
0.84561	1.89358	0.04721
0.84607	1.91635	0.04574
0.84654	1.92512	0.0465
0.847	1.80244	0.0472
0.84747	1.95807	0.04707
0.84794	1.99563	0.04976
0.8484	1.85226	0.04659
0.84887	1.98626	0.04581
0.84934	1.91611	0.04593
0.8498	1.99143	0.04677
0.85094	1.88367	0.02339
0.85183	1.87335	0.02267
0.85271	1.86918	0.02318
0.85359	1.90127	0.0262
0.85448	1.90027	0.02801
0.85536	1.91328	0.02419
0.85625	1.88038	0.02531
0.85713	1.92288	0.02426
0.8589	1.94659	0.02312
0.85979	1.91784	0.0256
0.86068	1.87993	0.02323
0.86156	1.9495	0.02279
0.88737	1.95058	0.02214
0.88826	1.91019	0.02371
0.88915	1.89893	0.02161
0.89005	1.90745	0.02052
0.89094	1.92783	0.02105
0.89183	1.9136	0.02056
0.89273	1.94194	0.02284
0.89362	1.88101	0.0214
0.89452	1.88026	0.02147
0.89541	1.91038	0.02033
0.89631	1.87513	0.02094
0.8972	1.94832	0.02189
0.8981	1.89206	0.02199
0.899	1.88255	0.02147
0.89989	1.89831	0.02179
0.90168	1.85662	0.02107
0.90258	1.94078	0.02115
0.90348	1.87974	0.02079
0.90438	1.88434	0.02092
0.90527	1.94356	0.01995
0.90617	1.87993	0.02054
0.90707	1.85493	0.02034
0.90797	1.93902	0.02117
0.90886	1.81768	0.02189
0.90976	1.8869	0.02008
0.91066	1.91162	0.02112
0.91156	1.86604	0.02159
0.91246	1.8874	0.01956
0.91336	1.95463	0.01988
0.91426	1.86938	0.01968
0.91516	1.92802	0.01978
0.91606	1.85433	0.01926
0.91696	1.92665	0.02023
0.91786	1.95389	0.02167
0.91876	1.86569	0.02108
0.91966	1.9067	0.02004
0.92056	1.84624	0.02097
0.92146	1.88028	0.01983
0.92236	1.83754	0.02059
0.92327	1.91585	0.02044
0.92417	1.87268	0.02011
0.92507	1.96876	0.02061
0.92597	1.91761	0.02019
0.92688	1.89388	0.02081
0.92778	1.86824	0.02074
0.92868	1.92491	0.02151
0.92958	1.91446	0.01958
0.93049	1.92185	0.01878
0.93139	1.92007	0.02135
0.9323	1.85371	0.02026
0.9332	1.95267	0.02067
0.9341	1.94909	0.0206
0.93501	1.88279	0.01979
0.93591	1.82069	0.02054
0.93682	1.89728	0.02008
0.93772	1.90661	0.01946
0.93863	1.87984	0.01987
0.93953	1.90598	0.02038
0.94044	1.88015	0.02067
0.94134	1.90031	0.02012
0.94225	1.89781	0.02135
0.94316	1.87351	0.02012
0.94406	1.81245	0.02058
0.94497	1.88339	0.01986
0.94588	1.87371	0.02041
0.94678	1.93524	0.01974
0.94769	1.91042	0.0202
0.9486	1.92393	0.01946
0.94951	1.88276	0.01952
0.95041	1.90643	0.01898
0.95132	1.93264	0.01876
0.95223	1.89278	0.02066
0.95314	1.86226	0.01952
0.95405	1.86434	0.01796
0.95496	1.86784	0.01894
0.95587	1.9307	0.02006
0.95677	1.90361	0.01909
0.95768	1.92197	0.01956
0.95859	1.90884	0.01897
0.9595	1.85772	0.01906
0.96041	1.93929	0.01967
0.96132	1.88099	0.01976
0.96223	1.89686	0.0189
0.96315	1.89518	0.01928
0.96406	1.92787	0.01901
0.96497	1.88154	0.01863
0.96588	1.84858	0.01863
0.96679	1.8871	0.01932
0.9677	1.86448	0.01922
0.96861	1.89463	0.01882
0.96953	1.86749	0.01805
0.97044	1.86368	0.01862
0.97135	1.86878	0.01891
0.97226	1.91315	0.01931
0.97318	1.90467	0.01851
0.97409	1.88553	0.02021
0.975	1.87664	0.01906
0.97591	1.88698	0.01842
0.97683	1.92762	0.01911
0.97774	1.89082	0.02014
0.97866	1.90223	0.02035
0.97957	1.87231	0.01957
0.98048	1.87237	0.01866
0.9814	1.88712	0.01818
0.98231	1.86418	0.01967
0.98323	1.85578	0.01923
0.98414	1.95368	0.01893
0.98506	1.88998	0.01875
0.98597	1.83327	0.01696
0.98689	1.86977	0.01828
0.98781	1.94968	0.01953
0.98872	1.88464	0.01885
0.98964	1.9065	0.01655
0.99055	1.89441	0.01971
0.99147	1.87044	0.0188
0.99239	1.89757	0.0196
0.9933	1.88113	0.01855
0.99422	1.8584	0.01903
0.99514	1.90294	0.01858
0.99606	1.89522	0.01901
0.99697	1.92585	0.0193
0.99789	1.93119	0.0193
0.99881	1.95077	0.01913
0.99973	1.90034	0.01849
1.00065	1.94486	0.01761
1.00156	1.90501	0.01856
1.00248	1.87293	0.01777
1.0034	1.87319	0.01799
1.00432	1.87169	0.01711
1.00524	1.90848	0.01806
1.00616	1.90256	0.01722
1.00708	1.8746	0.01838
1.008	1.89696	0.01655
1.00892	1.82654	0.01844
1.00984	1.94803	0.01748
1.01076	1.93254	0.01768
1.01168	1.92043	0.01859
1.0126	1.8978	0.01756
1.01352	1.86075	0.0176
1.01444	1.87914	0.01693
1.01536	1.85337	0.01686
1.01629	1.86627	0.01797
1.01721	1.91338	0.01836
1.01813	1.95176	0.01761
1.01905	1.8842	0.01661
1.01997	1.90604	0.01638
1.02089	1.89838	0.0161
1.02182	1.84745	0.01676
1.02274	1.9066	0.01793
1.02366	1.89481	0.01586
1.02459	1.87667	0.01686
1.02551	1.90432	0.01759
1.02643	1.91208	0.01755
1.02736	1.85897	0.01686
1.02828	1.8804	0.01618
1.0292	1.89768	0.01778
1.03013	1.90523	0.0181
1.03105	1.91485	0.01649
1.03198	1.9276	0.01948
1.0329	1.88402	0.0174
1.03382	1.87579	0.0181
1.03475	1.89328	0.01709
1.03567	1.88917	0.01762
1.0366	1.87019	0.01715
1.03752	1.90761	0.01729
1.03845	1.89881	0.01682
1.03938	1.85491	0.01801
1.0403	1.87742	0.01646
1.04123	1.90022	0.01716
1.04215	1.94981	0.01721
1.04308	1.86632	0.01735
1.04401	1.87758	0.01638
1.04493	1.91139	0.01673
1.04586	1.8909	0.01747
1.04679	1.89201	0.0168
1.04771	1.87766	0.01698
1.04864	1.85446	0.01741
1.04957	1.89197	0.01637
1.0505	1.8749	0.01648
1.05142	1.89068	0.0164
1.05235	1.8832	0.01652
1.05328	1.88215	0.01672
1.05421	1.87913	0.01685
1.05514	1.93559	0.01614
1.05607	1.92357	0.01721
1.05699	1.89809	0.01773
1.05792	1.86667	0.01564
1.05885	1.89693	0.01625
1.05978	1.86722	0.01599
1.06071	1.87132	0.01647
1.06164	1.90604	0.0178
1.06257	1.91023	0.01656
1.0635	1.89245	0.01671
1.06443	1.88905	0.01669
1.06536	1.92372	0.01693
1.06629	1.88208	0.0176
1.06722	1.89029	0.0173
1.06815	1.8943	0.01602
1.06908	1.92065	0.01653
1.07001	1.88067	0.01723
1.07095	1.85862	0.01729
1.07188	1.86986	0.01753
1.07281	1.93155	0.01648
1.07374	1.88889	0.01609
1.07467	1.9039	0.01645
1.0756	1.91275	0.01808
1.07654	1.87372	0.01743
1.07747	1.91131	0.01757
1.0784	1.88865	0.01707
1.07933	1.8821	0.01622
1.08027	1.95159	0.017
1.0812	1.93	0.01725
1.08213	1.8896	0.01684
1.08306	2.0007	0.01655
1.084	2.04476	0.0188
1.08493	1.94425	0.01694
1.08587	1.92127	0.01617
1.0868	1.90487	0.0161
1.08773	1.93144	0.01761
1.08867	1.89246	0.01731
1.0896	1.85654	0.0164
1.09054	1.8886	0.01633
1.09147	1.87623	0.01615
1.0924	1.95161	0.01805
1.09334	1.86855	0.01688
1.09427	1.88934	0.01687
1.09521	1.93019	0.01692
1.09614	1.90557	0.01612
1.09708	1.86657	0.01642
1.09802	1.86548	0.01646
1.09895	1.88587	0.01701
1.09989	1.90338	0.01752
1.10082	1.89785	0.01739
1.10176	1.90574	0.01672
1.1027	1.88979	0.01624
1.10363	1.93696	0.01614
1.10457	1.89171	0.01616
1.10551	1.88588	0.01663
1.10644	1.91305	0.0164
1.10738	1.91649	0.01704
1.10832	1.92014	0.01512
1.10925	1.87513	0.01683
1.11019	1.86156	0.01683
1.11113	1.88216	0.01524
1.11207	1.85722	0.01613
1.113	1.89939	0.01629
1.11394	1.89801	0.01683
1.11488	1.89749	0.01487
1.11582	1.88134	0.01635
1.11676	1.90013	0.01676
1.1177	1.90195	0.01655
1.11864	1.88957	0.01705
1.11957	1.91769	0.01663
1.12051	1.90213	0.0163
1.12145	1.93099	0.0166
1.12239	1.94034	0.01577
1.12333	1.90997	0.01611
1.12427	1.87287	0.01738
1.12521	1.91431	0.0153
1.12615	1.9201	0.01538
1.12709	1.92068	0.01635
1.12803	1.83629	0.0157
1.12897	1.91133	0.01663
1.12991	1.90602	0.01611
1.13085	1.91468	0.01663
1.13179	1.92215	0.01669
1.13273	1.92658	0.01483
1.13367	1.93011	0.01602
1.13461	1.92004	0.01701
1.13556	1.9331	0.01553
1.1365	1.87624	0.01561
1.13744	1.90472	0.01628
1.13838	1.89558	0.01562
1.13932	1.85054	0.01586
1.14026	1.89936	0.0149
1.14121	1.89518	0.01581
1.14215	1.8816	0.01586
1.14309	1.8536	0.0146
1.14403	1.92797	0.01634
1.14498	1.8835	0.01608
1.14592	1.88799	0.01556
1.14686	1.92937	0.01522
1.1478	1.90015	0.01669
1.14875	1.88103	0.01619
1.14969	1.88498	0.01718
1.15063	1.91241	0.01565
1.15158	1.87924	0.01506
1.15252	1.91319	0.01484
1.15346	1.90558	0.01612
1.15441	1.88835	0.0153
1.15535	1.92818	0.01611
1.1563	1.90859	0.01569
1.15724	1.9045	0.01686
1.15819	1.90334	0.01578
1.15913	1.89151	0.01602
1.16007	1.87106	0.01662
1.16102	1.8959	0.01551
1.16196	1.88469	0.01535
1.16291	1.89259	0.01635
1.16385	1.89186	0.01641
1.1648	1.89739	0.01647
1.16575	1.92296	0.01522
1.16669	1.89857	0.01622
1.16764	1.89509	0.0159
1.16858	1.87067	0.01581
1.16953	1.90041	0.01626
1.17047	1.88345	0.01557
1.17142	1.88684	0.01622
1.17237	1.9073	0.017
1.17331	1.90531	0.01643
1.17426	1.91693	0.01661
1.17521	1.89354	0.01693
1.17615	1.91574	0.01572
1.1771	1.85728	0.01557
1.17805	1.93263	0.01566
1.17899	1.88597	0.01603
1.17994	1.91941	0.01616
1.18089	1.90168	0.01471
1.18184	1.87844	0.01557
1.18278	1.91163	0.01526
1.18373	1.91297	0.01674
1.18468	1.90638	0.01517
1.18563	1.90322	0.01643
1.18658	1.84937	0.01595
1.18752	1.8699	0.01645
1.18847	1.87417	0.01697
1.18942	1.85306	0.01642
1.19037	1.87407	0.01558
1.19132	1.86451	0.01483
1.19227	1.88699	0.01591
1.19322	1.90672	0.01546
1.19416	1.89363	0.0165
1.19511	1.90493	0.01678
1.19606	1.87699	0.01431
1.19701	1.87223	0.01542
1.19796	1.89339	0.01672
1.19891	1.89915	0.01579
1.19986	1.89371	0.01663
1.20081	1.89648	0.01694
1.20176	1.86047	0.01495
1.20271	1.90049	0.01645
1.20366	1.8968	0.01652
1.20461	1.87867	0.01601
1.20556	1.91327	0.01734
1.20651	1.89973	0.01525
1.20746	1.88646	0.01699
1.20841	1.87499	0.01629
1.20937	1.87969	0.01616
1.21032	1.87304	0.01747
1.21127	1.86716	0.01613
1.21222	1.89605	0.01558
1.21317	1.88264	0.01586
1.21412	1.88275	0.01679
1.21507	1.875	0.01597
1.21603	1.89552	0.0168
1.21698	1.85093	0.01541
1.21793	1.86697	0.01627
1.21888	1.8666	0.01635
1.21983	1.8886	0.01636
1.22079	1.88308	0.01559
1.22174	1.85887	0.01652
1.22269	1.9006	0.01594
1.22364	1.87354	0.01565
1.2246	1.91671	0.01611
1.22555	1.90418	0.01596
1.2265	1.87354	0.01618
1.22745	1.85396	0.01706
1.22841	1.89062	0.01685
1.22936	1.92628	0.01588
1.23031	1.92966	0.01557
1.23127	1.91321	0.01711
1.23222	1.88924	0.01541
1.23318	1.89323	0.01621
1.23413	1.84406	0.01735
1.23508	1.86686	0.01629
1.23604	1.90667	0.01671
1.23699	1.90224	0.01561
1.23795	1.87497	0.01495
1.2389	1.85111	0.0167
1.23985	1.90016	0.01703
1.24081	1.85895	0.01567
1.24176	1.8882	0.01535
1.24272	1.93642	0.01361
1.24367	1.89008	0.01544
1.24463	1.88827	0.01475
1.24558	1.89791	0.01573
1.24654	1.89159	0.01544
1.24749	1.88791	0.01487
1.24845	1.86057	0.01511
1.2494	1.90067	0.01473
1.25036	1.92908	0.01616
1.25132	1.83464	0.01507
1.25227	1.90084	0.0156
1.25323	1.89359	0.01571
1.25418	1.88303	0.0158
1.25514	1.88881	0.01509
1.2561	1.8499	0.01562
1.25705	1.87958	0.01668
1.25801	1.89161	0.01637
1.25896	1.90365	0.01523
1.25992	1.9096	0.01522
1.26088	1.87124	0.01604
1.26183	1.90387	0.01643
1.26279	1.8697	0.01542
1.26375	1.85472	0.01695
1.26471	1.89018	0.01595
1.26566	1.87599	0.01587
1.26662	1.85497	0.01459
1.26758	1.85879	0.01562
1.26854	1.88941	0.01646
1.26949	1.90338	0.01643
1.27045	1.86258	0.01536
1.27141	1.8883	0.01442
1.27237	1.8847	0.01612
1.27332	1.85869	0.01628
1.27428	1.86982	0.01606
1.27524	1.85507	0.01627
1.2762	1.86625	0.0161
1.27716	1.88275	0.01589
1.27812	1.86525	0.0155
1.27907	1.91519	0.01653
1.28003	1.87026	0.01664
1.28099	1.85418	0.01573
1.28195	1.86812	0.01576
1.28291	1.87664	0.01616
1.28387	1.8808	0.01638
1.28483	1.85601	0.01707
1.28579	1.90527	0.0162
1.28675	1.86398	0.01653
1.2877	1.90642	0.0148
1.28866	1.89474	0.01629
1.28962	1.90337	0.01676
1.29058	1.87512	0.01546
1.29154	1.83289	0.01504
1.2925	1.90736	0.01532
1.29346	1.82254	0.01757
1.29442	1.89658	0.01625
1.29538	1.87958	0.01595
1.29634	1.85723	0.0169
1.2973	1.86609	0.01636
1.29826	1.88854	0.01648
1.29922	1.89616	0.0163
1.30019	1.91439	0.01634
1.30115	1.89389	0.01584
1.30211	1.85119	0.01715
1.30307	1.91365	0.01619
1.30403	1.9154	0.01731
1.30499	1.91608	0.01722
1.30595	1.91778	0.0151
1.30691	1.87259	0.01671
1.30787	1.89058	0.01637
1.30883	1.91646	0.01572
1.3098	1.8969	0.0164
1.31076	1.87027	0.01656
1.31172	1.88046	0.01729
1.31268	1.87212	0.0157
1.31364	1.86409	0.01658
1.3146	1.8863	0.018
1.31557	1.90846	0.01597
1.31653	1.86386	0.01651
1.31749	1.8924	0.01701
1.31845	1.90725	0.01567
1.31942	1.90888	0.01716
1.32038	1.89757	0.01665
1.32134	1.89812	0.0158
1.3223	1.89324	0.01665
1.32327	1.89205	0.01688
1.32423	1.92136	0.01714
1.32519	1.89333	0.01593
1.32615	1.8658	0.01541
1.32712	1.89439	0.01673
1.32808	1.93107	0.01744
1.32904	1.92735	0.01727
1.33001	1.89857	0.01763
1.33097	1.9202	0.01751
1.33193	1.87927	0.0165
1.3329	1.84552	0.01675
1.33386	1.88388	0.01762
1.33482	1.88771	0.01647
1.33579	1.86756	0.01718
1.33675	1.90107	0.0159
1.33772	1.8586	0.01794
1.33868	1.9383	0.01773
1.33964	1.89123	0.01686
1.34061	1.91085	0.01775
1.34157	1.91068	0.01599
1.34254	1.86598	0.01654
1.3435	1.90926	0.01867
1.34446	1.85566	0.01873
1.34543	1.88116	0.01811
1.34639	1.89643	0.0163
1.34736	1.90074	0.01778
1.34832	1.88584	0.01611
1.34929	1.89847	0.01645
1.35025	1.9045	0.01794
1.35122	1.91451	0.0174
1.35218	1.89407	0.01719
1.35315	1.91865	0.01649
1.35411	1.89758	0.01704
1.35508	1.92549	0.01773
1.35604	1.94609	0.01687
1.35701	1.91293	0.01732
1.35798	1.91817	0.0161
1.35894	1.91121	0.01783
1.35991	1.90108	0.01771
1.36087	1.89484	0.0161
1.36184	1.91303	0.01721
1.3628	1.94732	0.01891
1.36377	1.90216	0.01693
1.36474	1.90964	0.01656
1.3657	1.91221	0.01629
1.36667	1.92369	0.01677
1.36764	1.92319	0.01928
1.3686	1.91516	0.01693
1.36957	1.92001	0.01806
1.37053	1.9162	0.01787
1.3715	1.92158	0.01753
1.37247	1.91092	0.01762
1.37343	1.90206	0.01768
1.3744	1.89014	0.01678
1.37537	1.86378	0.01649
1.37634	1.88731	0.01826
1.3773	1.92982	0.0177
1.37827	1.90041	0.01693
1.37924	1.9489	0.01752
1.3802	1.90008	0.01892
1.38117	1.90323	0.01805
1.38214	1.89011	0.0177
1.38311	1.94512	0.01763
1.38407	1.91205	0.01823
1.38504	1.94921	0.01725
1.38601	1.87017	0.01857
1.38698	1.86502	0.01827
1.38794	1.90752	0.01735
1.38891	1.89705	0.01784
1.38988	1.9189	0.01778
1.39085	1.90202	0.01758
1.39182	1.92958	0.01748
1.39278	1.92231	0.01742
1.39375	1.92104	0.01809
1.39472	1.9036	0.01853
1.39569	1.92246	0.01822
1.39666	1.85812	0.01759
1.39763	1.85833	0.0175
1.39859	1.88465	0.01836
1.39956	1.91831	0.01899
1.40053	1.90718	0.0191
1.4015	1.93668	0.01642
1.40247	1.88398	0.01676
1.40344	1.90095	0.01708
1.40441	1.92396	0.01834
1.40538	1.87479	0.01717
1.40635	1.89985	0.01828
1.40731	1.87273	0.01868
1.40828	1.89239	0.01875
1.40925	1.87998	0.01613
1.41022	1.87117	0.01906
1.41119	1.92955	0.01749
1.41216	1.87989	0.01734
1.41313	1.88397	0.01757
1.4141	1.88053	0.01857
1.41507	1.90256	0.01804
1.41604	1.87276	0.01861
1.41701	1.93404	0.01882
1.41798	1.88745	0.01756
1.41895	1.87051	0.01687
1.41992	1.8845	0.01647
1.42089	1.89319	0.01599
1.42186	1.85868	0.01735
1.42283	1.86174	0.01717
1.4238	1.90708	0.01875
1.42477	1.90839	0.01946
1.42574	1.88976	0.01805
1.42671	1.91678	0.01859
1.42768	1.89711	0.01889
1.42865	1.91957	0.01872
1.42962	1.9047	0.01877
1.43059	1.87789	0.01782
1.43156	1.937	0.0174
1.43254	1.89777	0.01892
1.43351	1.84873	0.01777
1.43448	1.90529	0.01872
1.43545	1.88295	0.01871
1.43642	1.92283	0.01898
1.43739	1.85407	0.01718
1.43836	1.86413	0.01788
1.43933	1.87514	0.01821
1.4403	1.89407	0.01936
1.44128	1.87264	0.01816
1.44225	1.84717	0.01756
1.44322	1.90631	0.01756
1.44419	1.9025	0.02055
1.44516	1.91995	0.01959
1.44613	1.87619	0.01842
1.4471	1.89803	0.01814
1.44808	1.88664	0.01798
1.44905	1.86756	0.01814
1.45002	1.87767	0.01883
1.45099	1.91941	0.01776
1.45196	1.89435	0.0169
1.45294	1.9263	0.01698
1.45391	1.87257	0.01757
1.45488	1.89162	0.01738
1.45585	1.87633	0.01867
1.45682	1.84413	0.01791
1.4578	1.87521	0.01874
1.45877	1.86722	0.01874
1.45974	1.8959	0.01811
1.46071	1.88205	0.01729
1.46169	1.88908	0.01959
1.46266	1.95195	0.01896
1.46363	1.90583	0.01951
1.4646	1.8997	0.01941
1.46558	1.93055	0.01928
1.46655	1.81247	0.01739
1.46752	1.87903	0.01677
1.4685	1.88999	0.01782
1.46947	1.88738	0.01894
1.47044	1.89795	0.01934
1.47141	1.83777	0.01933
1.47239	1.87309	0.01899
1.47336	1.90943	0.01933
1.47433	1.90176	0.01979
1.47531	1.8788	0.01843
1.47628	1.86444	0.01883
1.47725	1.91163	0.01949
1.47823	1.89055	0.02015
1.4792	1.84343	0.01787
1.48017	1.86532	0.01927
1.48115	1.83898	0.02024
1.48212	1.90774	0.0197
1.4831	1.87118	0.01932
1.48407	1.94649	0.02046
1.48504	1.9164	0.01873
1.48602	1.88325	0.01851
1.48699	1.88574	0.01847
1.48796	1.91979	0.01874
1.48894	1.92053	0.02002
1.48991	1.92436	0.01895
1.49089	1.88146	0.01857
1.49186	1.87889	0.01976
1.49283	1.86598	0.01958
1.49381	1.89619	0.01835
1.49478	1.90822	0.01862
1.49576	1.87586	0.01948
1.49673	1.89753	0.01782
1.49771	1.89681	0.01846
1.49868	1.89572	0.01822
1.49966	1.85211	0.01887
1.50063	1.86478	0.01976
1.5016	1.88083	0.01896
1.50258	1.8051	0.02086
1.50355	1.8599	0.02143
1.50453	1.84506	0.02188
1.5055	1.95703	0.02092
1.50648	1.86047	0.02006
1.50745	1.90315	0.02089
1.50843	1.92674	0.0201
1.5094	1.8996	0.01948
1.51038	1.88958	0.01954
1.51135	1.85786	0.01742
1.51233	1.87785	0.01916
1.5133	1.86827	0.02064
1.51428	1.87525	0.01911
1.51525	1.92183	0.01979
1.51623	1.84433	0.01952
1.5172	1.9018	0.01916
1.51818	1.8797	0.01909
1.51916	1.90145	0.01712
1.52013	1.89623	0.01821
1.52111	1.91912	0.01937
1.52208	1.87968	0.02006
1.52306	1.89437	0.02143
1.52403	1.86999	0.02039
1.52501	1.86423	0.01895
1.52598	1.89555	0.01996
1.52696	1.87666	0.02091
1.52794	1.90137	0.01848
1.52891	1.92691	0.02009
1.52989	1.88151	0.02116
1.53086	1.87033	0.01991
1.53184	1.84184	0.01911
1.53282	1.84695	0.02013
1.53379	1.8783	0.01987
1.53477	1.85006	0.01975
1.53574	1.86004	0.0189
1.53672	1.8578	0.01989
1.5377	1.93149	0.01946
1.53867	1.85964	0.02052
1.53965	1.87929	0.02053
1.54063	1.87847	0.02029
1.5416	1.85296	0.01994
1.54258	1.83556	0.01722
1.54355	1.9056	0.01796
1.54453	1.88028	0.02167
1.54551	1.87265	0.02056
1.54648	1.87022	0.01911
1.54746	1.91119	0.01978
1.54844	1.88129	0.0201
1.54941	1.84115	0.02054
1.55039	1.83105	0.0205
1.55137	1.87113	0.01927
1.55234	1.86729	0.01877
1.55332	1.8898	0.02058
1.5543	1.83637	0.02008
1.55528	1.86702	0.02072
1.55625	1.84559	0.01994
1.55723	1.82113	0.02006
1.55821	1.88569	0.0205
1.55918	1.81934	0.02074
1.56016	1.91289	0.02097
1.56114	1.83502	0.02118
1.56212	1.90791	0.0204
1.56309	1.88881	0.02227
1.56407	1.88003	0.02095
1.56505	1.8266	0.0202
1.56602	1.88754	0.02102
1.567	1.87742	0.01731
1.56798	1.89346	0.02105
1.56896	1.88098	0.02073
1.56993	1.90086	0.02142
1.57091	1.85231	0.02094
1.57189	1.91784	0.02157
1.57287	1.90286	0.02177
1.57384	1.85	0.0221
1.57482	1.89958	0.01983
1.5758	1.87246	0.02391
1.57678	1.88495	0.02101
1.57776	1.8592	0.02328
1.57873	1.89902	0.02274
1.57971	1.85647	0.02052
1.58069	1.89685	0.02069
1.58167	1.88857	0.02233
1.58265	1.85648	0.02234
1.58362	1.86807	0.02099
1.5846	1.89548	0.02202
1.58558	1.83161	0.02137
1.58656	1.81451	0.02127
1.58754	1.78906	0.02324
1.58851	1.9156	0.0227
1.58949	1.89056	0.0227
1.59047	1.83859	0.02288
1.59145	1.83739	0.02196
1.59243	1.83907	0.02029
1.59341	1.92384	0.02036
1.59438	1.86853	0.02305
1.59536	1.92486	0.02242
1.59634	1.9302	0.02118
1.59732	1.87685	0.0216
1.5983	1.90929	0.02307
1.59928	1.85777	0.02045
1.60025	1.81173	0.02154
1.60123	1.87007	0.02252
1.60221	1.89918	0.02143
1.60319	1.86961	0.02294
1.60417	1.82882	0.02231
1.60515	1.81933	0.023
1.60613	1.88879	0.02333
1.60711	1.84262	0.02124
1.60808	1.84014	0.02159
1.60906	1.85812	0.02224
1.61004	1.80287	0.02327
1.61102	1.86811	0.0235
1.612	1.88425	0.02128
1.61298	1.79604	0.02335
1.61396	1.83664	0.02288
1.61494	1.93349	0.0215
1.61592	1.84197	0.023
1.61689	1.86499	0.02251
1.61787	1.90013	0.02029
1.61885	1.82965	0.02277
1.61983	1.89765	0.02125
1.62081	1.93464	0.02159
1.62179	1.81277	0.0223
1.62277	1.85495	0.02204
1.62375	1.84198	0.02008
1.62473	1.88175	0.02179
1.62571	1.88594	0.02176
1.62669	1.8575	0.02224
1.62767	1.86757	0.02184
1.62865	1.83151	0.02049
1.62963	1.86882	0.02067
1.63061	1.86583	0.02182
1.63158	1.8539	0.02248
1.63256	1.87391	0.02281
1.63354	1.85064	0.02274
1.63452	1.83376	0.02182
1.6355	1.81589	0.02195
1.63648	1.88411	0.02065
1.63746	1.87249	0.0211
1.63844	1.94585	0.0233
1.63942	1.9238	0.02294
1.6404	1.8313	0.02209
1.64138	1.92675	0.02266
1.64236	1.89258	0.02264
1.64334	1.90496	0.02203
1.64432	1.82597	0.02245
1.6453	1.91125	0.02203
1.64628	1.87637	0.02181
1.64726	1.8608	0.02368
1.64824	1.88587	0.02268
1.64922	1.86432	0.02205
1.6502	1.81868	0.02384
1.65118	1.93762	0.02241
1.65216	1.82821	0.02239
1.65314	1.87727	0.02513
1.65412	1.83301	0.02263
1.6551	1.88018	0.0233
1.65608	1.8707	0.02152
1.65706	1.88535	0.02418
1.65804	1.9072	0.02084
1.65902	1.8895	0.02316
1.66	1.85816	0.02437
1.66098	1.86484	0.02335
1.66196	1.83814	0.02352
1.66294	1.8423	0.02134
1.66392	1.79732	0.02291
1.6649	1.8512	0.02349
1.66588	1.80817	0.02196
1.66686	1.85654	0.0215
1.66784	1.9126	0.01994
1.66882	1.84634	0.02155
1.66981	1.87554	0.02293
1.67079	1.85801	0.02374
1.67177	1.92974	0.02366
1.67275	1.86289	0.02496
1.67373	1.93282	0.02313
1.67471	1.91985	0.02267
1.67569	1.84175	0.02392
1.67667	1.85094	0.02344
1.67765	1.85978	0.02271
1.67863	1.87481	0.02284
1.67961	1.87468	0.02427
1.68059	1.86935	0.02406
1.68157	1.89129	0.02544
1.68255	1.89154	0.02344
1.68353	1.90491	0.02181
1.68451	1.90368	0.02334
1.6855	1.82253	0.02128
1.68648	1.91656	0.0231
1.68746	1.87149	0.0236
1.68844	1.87078	0.02425
1.68942	1.85717	0.0239
1.6904	1.91316	0.02528
1.69138	1.93046	0.02238
1.69236	1.83425	0.02423
1.69334	1.81433	0.02403
1.69432	1.82488	0.02189
1.69531	1.86249	0.02356
1.69629	1.87147	0.02217
1.69727	1.86218	0.02442
1.69825	1.86159	0.02474
1.69923	1.88937	0.02252
1.70021	1.87677	0.02457
1.70119	1.88896	0.02478
1.70217	1.90081	0.02452
1.70315	1.93648	0.02306
1.70414	1.87421	0.02587
1.70512	1.91613	0.02557
1.7061	1.78011	0.02449
1.70708	1.87878	0.02405
1.70806	1.90408	0.02435
1.70904	1.82368	0.02302
1.71002	1.88304	0.02451
1.711	1.90902	0.02462
1.71199	1.84189	0.0231
1.71297	1.8611	0.02362
1.71395	1.87836	0.02208
1.71493	1.84519	0.02431
1.71591	1.85903	0.02257
1.71689	1.83833	0.02383
1.71787	1.90398	0.02392
1.71886	1.85875	0.02292
1.71984	1.88686	0.02451
1.72082	1.85647	0.02283
1.7218	1.88571	0.02432
1.72278	1.84641	0.02557
1.72376	1.86803	0.02384
1.72474	1.85274	0.02583
1.72573	1.84678	0.02296
1.72671	1.85096	0.02421
1.72769	1.92783	0.02382
1.72867	1.85464	0.02546
1.72965	1.8714	0.02252
1.73063	1.83097	0.02326
1.73162	1.82411	0.02236
1.7326	1.80396	0.0249
1.73358	1.8151	0.02468
1.73456	1.85695	0.02702
1.73554	1.80549	0.02564
1.73652	1.87704	0.02577
1.73751	1.83762	0.02604
1.73849	1.91665	0.02476
1.73947	1.87957	0.02366
1.74045	1.89212	0.02478
1.74143	1.90628	0.02633
1.74242	1.87927	0.02527
1.7434	1.83696	0.02317
1.74438	1.86098	0.0251
1.74536	1.86584	0.02377
1.74634	1.91689	0.02736
1.74732	1.92803	0.027
1.74831	1.81156	0.02441
1.74929	1.88686	0.02348
1.75027	1.8871	0.02643
1.75125	1.88639	0.02506
1.75223	1.87597	0.02695
1.75322	1.83475	0.02718
1.7542	1.89695	0.02776
1.75518	1.89927	0.02626
1.75616	1.8719	0.02427
1.75714	1.86186	0.02444
1.75813	1.96214	0.02611
1.75911	1.79177	0.02769
1.76009	1.87869	0.02648
1.76107	1.82387	0.02622
1.76205	1.86271	0.02725
1.76304	1.90794	0.02564
1.765	1.85841	0.02518
1.76598	1.86884	0.02543
1.76697	1.86642	0.02663
1.76795	1.9235	0.0246
1.76893	1.83477	0.02726
1.76991	1.88648	0.02586
1.77089	1.91828	0.02733
1.77188	1.89631	0.02757
1.77286	1.82442	0.02806
1.77384	1.93034	0.02559
1.77482	1.90899	0.0263
1.77581	1.83152	0.02668
1.77679	1.87514	0.026
1.77777	1.92096	0.02767
1.77875	1.86913	0.02408
1.77973	1.88221	0.02717
1.78072	1.86993	0.02693
1.7817	1.81945	0.02676
1.78268	1.94365	0.0273
1.78366	1.78799	0.02672
1.78465	1.89962	0.02818
1.78563	1.82832	0.02725
1.78661	1.8481	0.02805
1.78759	1.93269	0.02719
1.78858	1.9078	0.02897
1.78956	1.85301	0.02724
1.79054	1.84878	0.025
1.79152	1.84414	0.02648
1.79251	1.88094	0.02693
1.79349	1.86191	0.0262
1.79447	1.83427	0.02685
1.79545	1.86904	0.02726
1.79644	1.9744	0.02753
1.79742	1.83726	0.02721
1.7984	1.87757	0.02837
1.79938	1.82014	0.02708
1.80037	1.89269	0.02622
1.80135	1.85064	0.0271
1.80233	1.91054	0.02744
1.80331	1.83224	0.02558
1.8043	1.86134	0.02701
1.80528	1.89958	0.02723
1.80626	1.83427	0.02808
1.80724	1.85518	0.02752
1.80823	1.92429	0.02661
1.80921	1.89226	0.02714
1.81019	1.85758	0.0294
1.81117	1.90063	0.02607
1.81216	1.89758	0.02717
1.81314	1.90586	0.02701
1.81412	1.91743	0.02903
1.81511	1.89764	0.02957
1.81609	1.93797	0.02906
1.81707	1.82744	0.02999
1.81805	1.84299	0.02634
1.81904	1.86086	0.02673
1.82002	1.85109	0.02593
1.821	1.94494	0.02783
1.82198	1.92403	0.0279
1.82297	1.93524	0.03014
1.82395	1.82878	0.02994
1.82493	1.82304	0.02814
1.82592	1.88017	0.02774
1.8269	1.88617	0.02877
1.82788	1.81739	0.03144
1.82886	1.90138	0.02909
1.82985	1.86141	0.03018
1.83083	1.87461	0.02805
1.83181	1.88818	0.02881
1.8328	1.88219	0.0274
1.83378	1.8431	0.02952
1.83476	1.87566	0.02893
1.83574	1.91716	0.02839
1.83673	1.90197	0.03145
1.83771	1.89395	0.02932
1.83869	1.95738	0.0298
1.83968	1.8046	0.02629
1.84066	1.85471	0.03157
1.84164	1.82689	0.02768
1.84262	1.78129	0.03156
1.84361	1.93916	0.03237
1.84459	1.84964	0.03049
1.84557	1.88759	0.02927
1.84656	1.8919	0.02863
1.84754	1.90102	0.02772
1.84852	1.95627	0.03107
1.8495	1.80179	0.02784
1.85049	1.93896	0.02801
1.85147	1.82643	0.03034
1.85245	1.95522	0.02845
1.85344	1.93215	0.02879
1.85442	1.87039	0.02651
1.8554	1.87803	0.02779
1.85639	1.85406	0.02844
1.85737	1.94784	0.02892
1.85835	1.94526	0.03027
1.85933	1.9433	0.03033
1.86032	1.89479	0.02952
1.8613	1.88617	0.03037
1.86228	1.90141	0.02853
1.86327	1.83933	0.03085
1.86425	1.88559	0.03048
1.86523	1.81255	0.02949
1.86622	1.88146	0.02971
1.8672	1.90841	0.03007
1.86818	1.86402	0.03033
1.86916	1.87797	0.03102
1.87015	1.92676	0.03057
1.87113	1.91744	0.03055
1.87211	1.94337	0.03122
1.8731	1.85505	0.0314
1.87408	1.84535	0.03293
1.87506	1.92861	0.02942
1.87605	1.84119	0.03036
1.87703	1.8935	0.0296
1.87801	1.9179	0.03151
1.879	1.89235	0.02867
1.87998	1.91043	0.03056
1.88096	1.86782	0.02958
1.88194	1.82062	0.0302
1.88293	1.85302	0.03083
1.88391	1.94263	0.02946
1.88489	1.84417	0.02972
1.88588	1.90571	0.03158
1.88686	1.94263	0.03206
1.88784	1.88348	0.0313
1.88883	1.89232	0.02944
1.88981	1.82947	0.0319
1.89079	1.86128	0.02999
1.89178	1.79798	0.03154
1.89276	1.91632	0.03058
1.89374	1.82118	0.0323
1.89473	1.8714	0.02954
1.89571	1.82438	0.03201
1.89669	1.9646	0.03237
1.89767	1.92178	0.03161
1.89866	1.83438	0.03239
1.89964	1.89538	0.0296
1.90062	1.84749	0.03123
1.90161	1.83453	0.03094
1.90259	1.92489	0.0294
1.90357	1.94714	0.03014
1.90456	1.83404	0.03049
1.90554	1.88186	0.0303
1.90652	1.90447	0.03111
1.90751	1.85657	0.03045
1.90849	1.9416	0.03265
1.90947	1.91935	0.03173
1.91046	1.8774	0.03231
1.91144	1.88029	0.03061
1.91242	1.88005	0.03141
1.91341	1.89073	0.03187
1.91439	1.94519	0.03121
1.91537	1.90224	0.03421
1.91636	1.95248	0.03077
1.91734	1.91055	0.03221
1.91832	1.81168	0.03542
1.92029	1.84634	0.03068
1.92127	1.89693	0.03092
1.92226	1.96747	0.03179
1.92324	1.95816	0.03283
1.92422	1.93627	0.03239
1.92521	1.97964	0.0342
1.92619	1.91428	0.03146
1.92717	1.85444	0.03358
1.92816	1.79051	0.03208
1.92914	1.87937	0.03259
1.93012	1.97569	0.03293
1.93209	1.96055	0.03121
1.93307	1.89553	0.03148
1.93405	1.90676	0.03183
1.93504	1.87827	0.03309
1.93602	1.9496	0.0344
1.937	1.972	0.0339
1.93799	1.84944	0.0337
1.93897	1.96165	0.03471
1.94094	1.92919	0.03275
1.94192	1.95986	0.03311
1.9429	1.9158	0.03164
1.94389	1.85681	0.03322
1.94487	1.90495	0.03215
1.94585	1.83912	0.03276
1.94684	1.93679	0.03346
1.94782	1.94055	0.03492
1.9488	1.89389	0.03341
1.94979	1.90265	0.03531
1.95077	1.94098	0.03162
1.95175	1.8464	0.03396
1.95274	1.8459	0.03366
1.95372	1.93967	0.03573
1.9547	1.84506	0.03176
1.95667	1.86022	0.03181
2.01371	1.87498	0.03734
2.01567	1.89659	0.0355
2.01666	1.84312	0.03585
2.01764	1.93206	0.03731
2.01862	1.87892	0.03734
2.01961	1.89677	0.03386
2.02059	1.83697	0.03586
2.02157	1.86499	0.03462
2.02256	1.82606	0.03753
2.02354	1.83283	0.03756
2.02551	1.89389	0.03297
2.02649	1.9177	0.0365
2.02747	1.898	0.03597
2.02846	1.87869	0.03783
2.02944	1.79012	0.03736
2.03141	1.85873	0.03579
2.03239	1.88455	0.03765
2.03337	1.79917	0.03459
2.03436	1.80373	0.03637
2.03534	1.82786	0.03493
2.03632	1.89068	0.03441
2.03731	1.98027	0.03813
2.03829	1.87079	0.03701
2.03927	1.89718	0.03627
2.04026	1.94502	0.03808
2.04124	1.88744	0.03514
2.04222	1.91495	0.03748
2.04321	1.85234	0.03716
2.04419	1.87924	0.03838
2.04517	1.91605	0.03731
2.04616	1.79473	0.03458
2.04714	1.82944	0.03801
2.04813	1.85694	0.03795
2.04911	1.82299	0.03736
2.05009	1.82592	0.03856
2.05108	1.82612	0.03641
2.05206	1.75273	0.03848
2.05304	1.95736	0.03663
2.05403	1.81461	0.03783
2.05501	1.96704	0.03804
2.05599	1.91091	0.03674
2.05698	1.93069	0.03604
2.05796	1.83371	0.03755
2.05894	1.82713	0.03605
2.05993	1.89255	0.03753
2.06091	1.91049	0.03975
2.06189	1.8525	0.04024
2.06288	1.94496	0.03948
2.06386	1.93571	0.03644
2.06484	1.96507	0.03788
2.06583	1.85678	0.03961
2.06681	1.95208	0.03783
2.06779	1.94542	0.03694
2.06878	1.77481	0.03677
2.06976	1.8908	0.03904
2.07074	1.91547	0.03545
2.07173	1.83009	0.03523
2.07271	1.90097	0.03917
2.07369	1.87178	0.03809
2.07468	1.99495	0.04053
2.07566	1.79611	0.03883
2.07664	1.88653	0.04164
2.07763	1.82592	0.03915
2.07861	1.83817	0.03769
2.07959	1.88885	0.03907
2.08058	1.91504	0.03736
2.08156	1.97304	0.03881
2.08254	1.93207	0.04025
2.08353	1.89678	0.04046
2.08451	1.76901	0.04247
2.0855	1.90914	0.03811
2.08648	1.88162	0.04094
2.08746	1.84091	0.03715
2.08845	1.90274	0.03851
2.08943	1.84634	0.03967
2.09041	1.85463	0.04148
2.0914	1.89295	0.0374
2.09238	1.70918	0.04222
2.09336	1.81038	0.04057
2.09435	1.76748	0.04002
2.09533	1.74355	0.04108
2.09631	1.87449	0.04278
2.0973	1.93604	0.03671
2.09828	1.90668	0.03643
2.09926	1.79989	0.03924
2.10025	1.90381	0.03942
2.10123	1.79093	0.03728
2.10221	1.90674	0.04351
2.1032	2.03425	0.04238
2.10418	1.8091	0.03809
2.10516	1.8058	0.0415
2.10615	1.87473	0.04228
2.10713	1.92152	0.04116
2.10811	1.87363	0.04214
2.1091	1.9076	0.04009
2.11008	1.9207	0.04109
2.11106	2.02816	0.03798
2.11205	1.83081	0.03964
2.11303	1.88332	0.04284
2.11402	1.83814	0.04016
2.115	1.86531	0.04193
2.11598	1.83467	0.04216
2.11697	1.76624	0.04118
2.11795	1.99434	0.04183
2.11893	1.81514	0.03985
2.11992	1.94241	0.03943
2.1209	1.90574	0.04182
2.12188	1.85819	0.04308
2.12287	1.91755	0.04085
2.12385	1.81603	0.04105
2.12483	1.8864	0.03936
2.12582	1.91591	0.04323
2.1268	1.80724	0.04129
2.12778	1.95069	0.03816
2.12877	1.77854	0.04042
2.12975	1.90502	0.04073
2.13073	1.80746	0.04244
2.13172	1.87356	0.03763
2.1327	1.82483	0.04244
2.13368	1.9022	0.04051
2.13467	1.84341	0.04072
2.13565	1.77795	0.03993
2.13664	1.88528	0.03891
2.13762	1.83635	0.03746
2.1386	1.87728	0.04129
2.13959	1.89042	0.0435
2.14057	1.8381	0.04118
2.14155	1.81064	0.04025
2.14254	1.79428	0.03995
2.14352	1.90032	0.04371
2.1445	1.9437	0.04378
2.14549	1.89297	0.04014
2.14647	1.8172	0.04124
2.14745	1.93346	0.03922
2.14844	1.96741	0.04494
2.14942	2.00672	0.04093
2.1504	1.89896	0.04125
2.15139	1.90283	0.04282
2.15237	1.79421	0.04183
2.15336	1.81583	0.04192
2.15434	1.79558	0.03886
2.15532	1.75298	0.0407
2.15631	1.79481	0.04268
2.15729	1.87811	0.042
2.15827	1.85501	0.04062
2.15926	1.96185	0.04041
2.16024	1.88807	0.04256
2.16122	1.83855	0.04019
2.16221	1.75594	0.04174
2.16319	1.8689	0.04065
2.16417	1.80915	0.04249
2.16516	1.77226	0.04377
2.16614	1.83234	0.04392
2.16713	1.96431	0.04563
2.16811	1.86931	0.04567
2.16909	1.90974	0.04231
2.17008	1.67631	0.03827
2.17106	2.0104	0.04444
2.17204	1.85604	0.04328
2.17303	1.99706	0.04232
2.17401	1.77161	0.04545
2.17499	1.90462	0.04492
2.17598	1.87405	0.04315
2.17696	2.01432	0.04412
2.17794	1.9568	0.04194
2.17893	1.80119	0.04139
2.17991	1.94657	0.04276
2.1809	1.8487	0.03912
2.18188	1.88724	0.04524
2.18286	1.90632	0.04789
2.18385	1.93142	0.04429
2.18483	1.80032	0.04289
2.18581	1.94177	0.04542
2.1868	1.89821	0.04417
2.18778	1.87559	0.04466
2.18877	1.88177	0.04198
2.18975	1.83213	0.04239
2.19073	1.93365	0.04113
2.19172	1.74669	0.04191
2.1927	1.90076	0.04498
2.19368	1.87853	0.04074
2.19467	1.69863	0.04378
2.19565	1.98328	0.04367
2.19663	1.89656	0.0401
2.19762	1.90642	0.04308
2.1986	1.85069	0.04138
2.19959	1.77395	0.04498
2.20057	1.9371	0.04575
2.20155	1.83072	0.04154
2.20254	1.89165	0.04567
2.20352	1.93529	0.04814
2.2045	1.91756	0.04449
2.20549	1.84329	0.04362
2.20647	1.98333	0.04426
2.20746	1.88733	0.04415
2.20844	1.80277	0.04741
2.20942	1.85557	0.04716
2.21041	1.93647	0.04523
2.21139	1.81512	0.0477
2.21237	1.79046	0.04791
2.21336	1.98651	0.04317
2.21434	1.8072	0.04224
2.21533	1.847	0.04088
2.21631	2.0195	0.04698
2.21729	1.99102	0.04378
2.21828	1.84016	0.04618
2.21926	1.91762	0.04091
2.22025	1.77594	0.04472
2.22123	1.88905	0.04267
2.22221	1.92072	0.04415
2.2232	2.03971	0.0433
2.22418	1.8745	0.04566
2.22516	1.81397	0.04547
2.22615	1.7984	0.04518
2.22713	1.84992	0.04624
2.22812	1.8759	0.0434
2.2291	1.84588	0.04334
2.23008	1.81932	0.04491
2.23107	1.8408	0.04259
2.23205	1.88604	0.04732
2.23304	1.98738	0.04662
2.23402	1.91974	0.04302
2.235	1.96826	0.0454
2.23599	1.74934	0.04203
2.23697	1.89548	0.04668
2.23796	1.9621	0.0464
2.23894	1.95499	0.04586
2.23992	1.81406	0.04325
2.24091	1.86034	0.04638
2.24189	1.77612	0.04855
2.24287	1.96589	0.04636
2.24386	1.72789	0.04325
2.24484	1.82337	0.04508
2.24583	1.85181	0.04803
2.24681	1.87699	0.04851
2.24779	1.83726	0.04603
2.24878	1.84812	0.04347
2.24976	1.87252	0.04877
2.25075	1.98487	0.04578
2.25173	1.87752	0.04472
2.25272	1.80812	0.045
2.2537	1.86001	0.04471
2.25468	1.92099	0.04373
2.25567	1.87089	0.0447
2.25665	1.82754	0.05028
2.25764	1.87728	0.04266
2.25862	1.91449	0.04642
2.2596	1.9589	0.04429
2.26059	1.9109	0.0454
2.26157	1.91187	0.04576
2.26256	1.76765	0.0468
2.26354	1.75964	0.04933
2.26452	1.82388	0.04441
2.26551	1.83516	0.0443
2.26649	1.73327	0.04852
2.26748	1.83014	0.04502
2.26846	1.85273	0.04553
2.26945	1.90968	0.04316
2.27043	1.79908	0.04262
2.27141	2.0748	0.04886
2.2724	1.80835	0.04867
2.27338	1.9039	0.05011
2.27437	2.02395	0.04749
2.27535	1.78486	0.04856
2.27634	1.88856	0.04619
2.27732	1.94145	0.04608
2.2783	1.88378	0.04462
2.27929	1.91355	0.04866
2.28027	1.87053	0.05076
2.28126	1.91279	0.05249
2.28224	1.85634	0.04559
2.28323	1.76424	0.04763
2.28421	1.86401	0.04861
2.28519	1.9022	0.04708
2.28618	1.93951	0.04796
2.28716	1.71532	0.04593
2.28815	2.02203	0.04722
2.28913	1.80153	0.0479
2.29012	1.99563	0.04807
2.2911	1.89446	0.04645
2.29209	1.89241	0.05128
2.29307	1.83962	0.04812
2.29405	1.83906	0.05218
2.29504	1.81069	0.05069
2.29602	1.83405	0.04973
2.29701	1.83343	0.04958
2.29799	1.90529	0.04962
2.29898	1.91845	0.05004
2.29996	1.95588	0.0499
2.30095	1.83853	0.04918
2.30193	1.81346	0.04905
2.30291	1.92308	0.04715
2.3039	2.03728	0.0507
2.30488	1.77337	0.04581
2.30587	1.87303	0.04999
2.30685	1.96869	0.04974
2.30784	1.82763	0.0526
2.30882	1.74101	0.04821
2.30981	1.88646	0.0493
2.31079	1.90077	0.04737
2.31178	1.85939	0.04675
2.31276	1.8183	0.0529
2.31375	1.78664	0.04952
2.31473	1.95915	0.05019
2.31572	1.92194	0.04528
2.3167	2.03678	0.0503
2.31768	1.90084	0.04969
2.31867	1.91477	0.0491
2.31965	1.87959	0.04967
2.32064	1.90022	0.05011
2.32162	2.00779	0.05175
2.32261	1.95068	0.0544
2.32359	1.91016	0.05549
2.32458	1.92239	0.05124
2.32556	1.77188	0.05449
2.32655	1.87784	0.05527
2.32753	2.00886	0.05461
2.32852	1.98513	0.05064
2.3295	1.8302	0.05083
2.33049	1.8956	0.04757
2.33147	1.95603	0.0487
2.33246	1.89799	0.05059
2.33344	1.98961	0.05283
2.33443	1.95947	0.04892
2.33541	1.94811	0.05312
2.3364	1.9405	0.0553
2.33738	1.76573	0.05023
2.33837	1.88002	0.05146
2.33935	1.84599	0.05107
2.34034	1.94579	0.0504
2.34132	1.91283	0.05425
2.34231	1.97037	0.05346
2.34329	1.87498	0.05244
2.34428	2.04763	0.05706
2.34526	1.94842	0.05536
2.34625	1.87502	0.05061
2.34723	1.96062	0.05125
2.34822	1.96109	0.05489
2.3492	1.78266	0.05081
2.35019	1.95069	0.05393
2.35118	1.85771	0.05486
2.35216	1.85748	0.05007
2.35315	1.96599	0.05711
2.35413	1.87698	0.05876
2.35512	1.88093	0.05789
2.3561	1.84361	0.0567
2.35709	1.86553	0.04955
2.35807	1.7704	0.04772
2.35906	1.96162	0.05291
2.36004	1.72597	0.05216
2.36103	1.84008	0.05508
2.36201	1.91434	0.04974
2.363	1.82054	0.0551
2.36399	1.93303	0.05578
2.36497	1.87862	0.05337
2.36596	1.88076	0.05023
2.36694	2.06213	0.05789
2.36793	1.91166	0.05187
2.36891	1.87246	0.05233
2.3699	1.94652	0.05609
2.37088	1.95861	0.04702
2.37187	1.9148	0.05255
2.37286	1.83823	0.05356
2.37384	1.77546	0.05378
2.37483	1.99962	0.05446
2.37581	1.7081	0.04996
2.3768	1.84124	0.05338
2.37778	1.93674	0.05155
2.37877	1.96766	0.05533
2.37976	1.91119	0.0523
2.38074	1.96214	0.05203
2.38173	1.81934	0.05349
2.38271	1.74986	0.05488
2.3837	1.88589	0.05554
2.38468	1.92494	0.05873
2.38567	1.82036	0.06159
2.38666	1.85252	0.05275
2.38764	2.00544	0.0581
2.38863	1.78267	0.05662
2.38961	1.83018	0.0537
2.3906	1.86599	0.05225
2.39159	1.8775	0.0528
2.39257	1.80903	0.05622
2.39356	1.6612	0.054
2.39454	1.72945	0.05507
2.39553	1.86188	0.05738
2.39652	1.91097	0.05441
2.3975	1.89649	0.05693
2.39849	1.74144	0.05357
2.39948	1.88849	0.05116
2.40046	1.93672	0.05656
2.40145	1.84545	0.0566
2.40243	1.83867	0.0558
2.40342	1.85275	0.06029
2.40441	1.93082	0.05803
2.40539	1.882	0.05566
2.40638	2.05074	0.05592
2.40737	1.85824	0.05611
2.40835	1.93411	0.05533
2.40934	1.81241	0.06044
2.41032	2.0445	0.053
2.41131	1.85666	0.05913
2.4123	1.983	0.058
2.41328	1.87229	0.05637
2.41427	1.78312	0.05753
2.41526	1.7525	0.05956
2.41624	1.91607	0.05513
2.41723	1.82014	0.05513
2.41822	1.95404	0.05854
2.4192	1.95514	0.056
2.42019	1.84425	0.05
2.42118	1.8962	0.05688
2.42216	1.7767	0.05436
2.42315	1.92392	0.05397
2.42414	1.93804	0.05249
2.42512	1.82528	0.05632
2.42611	1.84116	0.05613
2.4271	1.86797	0.05863
2.42809	1.99067	0.05966
2.42907	1.77151	0.06016
2.43006	1.89577	0.06011
2.43105	2.00174	0.06292
2.43203	1.76752	0.05431
2.43302	1.93116	0.05958
2.43401	1.90262	0.05995
2.43499	1.73191	0.05858
2.43598	1.7941	0.05785
2.43697	1.91829	0.05545
2.43796	1.75794	0.06193
2.43894	1.81951	0.05822
2.43993	1.71788	0.05622
2.44092	1.98058	0.0622
2.4419	2.05186	0.05641
2.44289	1.86477	0.06057
2.44388	1.79973	0.0602
2.44487	1.821	0.05834
2.44585	1.97646	0.05907
2.44684	1.99458	0.05851
2.44783	1.94009	0.06051
2.44882	1.8748	0.06415
2.4498	1.96906	0.05848
2.45079	1.87385	0.05831
2.45178	1.96194	0.05857
2.45277	1.99437	0.06255
2.45375	1.91459	0.06033
2.45474	1.94885	0.06365
2.45573	1.89868	0.06223
2.45672	1.84102	0.06086
2.4577	1.88662	0.0556
2.45869	1.81425	0.05751
2.45968	1.84652	0.05749
2.46067	1.9383	0.05629
2.46165	1.89946	0.05738
2.46264	1.82166	0.06282
2.46363	1.83233	0.05813
2.46462	1.84972	0.06308
2.46561	1.85206	0.0562
2.46659	1.94612	0.05791
2.46758	1.98755	0.0584
2.46857	1.79833	0.05744
2.46956	1.8875	0.06048
2.47055	2.0158	0.05969
2.47153	1.94206	0.05769
2.47252	1.84413	0.06118
2.47351	2.00344	0.06394
2.4745	1.90465	0.05905
2.47549	1.84416	0.05787
2.47648	1.86589	0.05793
2.47746	1.79527	0.06171
2.47845	1.97943	0.06571
2.47944	1.84706	0.06299
2.48043	2.01657	0.06875
2.48142	1.96715	0.06844
2.48241	1.87586	0.05915
2.48339	1.94831	0.05885
2.48438	1.91858	0.06042
2.48537	1.93328	0.05875
2.48636	1.77781	0.0504
2.48735	1.78673	0.05583
2.48834	2.07827	0.06071
2.48933	2.10654	0.06191
2.49031	1.9819	0.06519
2.4913	1.87199	0.06576
2.49229	1.97076	0.06479
2.49328	1.85049	0.06103
2.49427	2.01906	0.06413
2.49526	1.68818	0.05822
2.49625	1.98258	0.07013
2.49724	1.81005	0.062
2.49823	1.86513	0.0616
2.49922	2.02069	0.06349
2.5002	2.0101	0.06887
2.50119	1.95723	0.06194
2.50218	1.97088	0.05433
2.50317	2.05752	0.06115
2.50416	2.10701	0.05996
2.50515	1.95877	0.06528
2.50614	1.89941	0.06377
2.50713	1.83046	0.06267
2.50812	1.91378	0.06176
2.50911	2.01108	0.0605
2.5101	1.91791	0.06397
2.51109	1.89686	0.06602
2.51208	2.00961	0.06874
2.51307	1.99037	0.0664
2.51406	1.77172	0.06411
2.51504	1.85812	0.06371
2.51603	2.04319	0.06367
2.51702	1.94253	0.05824
2.51801	1.84006	0.06114
2.519	1.7491	0.06578
2.51999	2.02975	0.05931
2.52098	1.97575	0.06632
2.52197	2.04574	0.06629
2.52296	1.8901	0.06044
2.52395	2.112	0.05516
2.52494	1.98047	0.06714
2.52593	1.85628	0.06485
2.52692	1.89368	0.06292
2.52791	2.00128	0.06909
2.5289	2.01424	0.0599
2.52989	2.01009	0.06503
2.53088	1.70708	0.06673
2.53187	1.81722	0.0633
2.53286	2.0891	0.06311
2.53385	1.88009	0.06694
2.53485	1.71787	0.05846
2.53584	1.9911	0.06943
2.53683	1.76861	0.06551
2.53782	1.87244	0.06863
2.53881	1.86628	0.06643
2.5398	1.82258	0.0649
2.54079	1.94714	0.06589
2.54178	2.03759	0.06965
2.54277	1.88613	0.06424
2.54376	1.92544	0.0592
2.54475	1.9247	0.06683
2.54574	1.94255	0.06531
2.54673	1.70397	0.06595
2.54772	1.94782	0.07099
2.54872	2.13166	0.07015
2.54971	2.08609	0.06611
2.5507	1.98052	0.06642
2.55169	1.94026	0.07003
2.55268	1.86829	0.06415
2.55367	1.93052	0.06461
2.55466	2.07525	0.06529
2.55565	1.98484	0.06586
2.55664	1.88558	0.07198
2.55764	1.89765	0.06592
2.55863	1.91228	0.06649
2.55962	1.92369	0.0655
2.56061	1.89011	0.06722
2.5616	2.02719	0.07121
2.56259	1.88599	0.06972
2.56359	1.72249	0.06421
2.56458	1.93281	0.06455
2.56557	1.84245	0.06294
2.56656	1.87266	0.0711
2.56755	1.81781	0.06515
2.56854	1.90409	0.06945
2.56954	1.96497	0.06054
2.57053	1.88082	0.06938
2.57152	1.95229	0.06478
2.57251	2.14835	0.06521
2.5735	1.99994	0.06727
2.5745	1.91785	0.06809
2.57549	1.70295	0.06272
2.57648	1.8256	0.06546
2.57747	2.06334	0.06351
2.57847	2.02156	0.06389
2.57946	1.83952	0.06385
2.58045	1.92096	0.06695
2.58144	2.01825	0.06731
2.58244	1.82104	0.06744
2.58343	1.99519	0.06396
2.58442	1.98704	0.06665
2.58541	1.71154	0.06462
2.58641	2.16237	0.06758
2.5874	1.87387	0.06704
2.58839	1.82859	0.0668
2.58938	1.79273	0.07153
2.59038	1.96389	0.07371
2.59137	1.92074	0.06774
2.59236	2.04093	0.0683
2.59336	1.93211	0.0669
2.59435	1.85032	0.07105
2.59534	1.88398	0.06861
2.59634	2.04874	0.06817
2.59733	1.71936	0.07416
2.59832	2.05236	0.07361
2.59932	1.6916	0.06999
2.60031	1.76073	0.06738
2.6013	1.85944	0.0714
2.6023	1.81661	0.07295
2.60329	1.94707	0.06979
2.60428	1.87196	0.07124
2.60528	2.0069	0.06822
2.60627	1.72422	0.06516
2.60727	2.05948	0.06747
2.60826	1.869	0.0714
2.60925	1.79834	0.06216
2.61025	1.98173	0.07133
2.61124	1.85861	0.07057
2.61223	1.84918	0.07081
2.61323	2.10696	0.07043
2.61422	1.69569	0.07799
2.61522	2.01567	0.06579
2.61621	1.78793	0.06617
2.61721	1.90823	0.07228
2.6182	2.13047	0.0689
2.61919	1.8504	0.06982
2.62019	2.03852	0.06782
2.62118	2.01549	0.07252
2.62218	1.92625	0.06504
2.62317	1.99277	0.06585
2.62417	2.04149	0.07011
2.62516	2.08099	0.07766
2.62616	1.80583	0.06924
2.62715	1.99314	0.07726
2.62815	2.05198	0.06952
2.62914	1.97119	0.07007
2.63014	1.91701	0.07058
2.63113	2.0603	0.06649
2.63213	1.9257	0.07143
2.63312	1.9178	0.06744
2.63412	1.86413	0.06986
2.63511	1.78467	0.06691
2.63611	1.98103	0.06383
2.6371	2.01141	0.07304
2.6381	1.94922	0.07009
2.6391	2.03284	0.07428
2.64009	1.94732	0.06719
2.64109	1.81384	0.07229
2.64208	1.91135	0.0754
2.64308	2.00834	0.06842
2.64407	1.92534	0.07076
2.64507	1.98329	0.06406
2.64607	1.86802	0.07264
2.64706	1.91591	0.06719
2.64806	1.91719	0.06719
2.64906	1.9239	0.0688
2.65005	1.67097	0.06934
2.65105	1.86239	0.07084
2.65204	1.84916	0.07439
2.65304	1.88941	0.0695
2.65404	1.89931	0.07065
2.65503	1.95027	0.07548
2.65603	1.8867	0.07469
2.65703	1.90334	0.07448
2.65802	1.62302	0.07175
2.65902	1.98393	0.07299
2.66002	1.69959	0.07213
2.66101	1.9826	0.06357
2.66201	1.80734	0.06603
2.66301	2.14287	0.06883
2.66401	1.93811	0.07234
2.665	1.86538	0.07534
2.666	2.23385	0.07548
2.667	1.9138	0.07038
2.66799	1.83366	0.06623
2.66899	1.97765	0.07314
2.66999	2.08775	0.07545
2.67099	2.03705	0.06871
2.67199	2.09255	0.07458
2.67298	1.97416	0.07452
2.67398	1.71783	0.07101
2.67498	1.91924	0.06991
2.67598	2.05184	0.07673
2.67697	1.8942	0.0726
2.67797	1.73292	0.07577
2.67897	1.91691	0.07884
2.67997	2.00068	0.06965
2.68097	2.10779	0.06894
2.68197	1.93958	0.06979
2.68296	2.05542	0.06776
2.68396	1.92581	0.0673
2.68496	1.89819	0.0701
2.68596	1.80219	0.06964
2.68696	1.95288	0.07291
2.68796	1.90323	0.07282
2.68896	1.98621	0.07215
2.68995	1.99611	0.07536
2.69095	1.94093	0.07793
2.69195	1.86456	0.07334
2.69295	2.11132	0.07739
2.69395	1.82658	0.07366
2.69495	2.00958	0.07847
2.69595	1.87913	0.07379
2.69695	1.99887	0.07897
2.69795	2.06328	0.0786
2.69895	1.80888	0.07676
2.69995	2.09735	0.08313
2.70095	2.2478	0.07763
2.70195	1.99305	0.07803
2.70295	2.07816	0.07753
2.70395	1.85081	0.07905
2.70495	2.05448	0.07829
2.70595	1.95025	0.07444
2.70695	2.01057	0.07755
2.70795	2.01544	0.07884
2.70895	1.97143	0.07242
2.70995	1.89837	0.0717
2.71095	1.73788	0.07582
2.71195	1.8397	0.07156
2.71295	1.95014	0.07574
2.71395	2.2686	0.08124
2.71495	1.87184	0.07851
2.71595	1.99649	0.07725
2.71695	1.97244	0.07948
2.71795	2.01891	0.0786
2.71895	1.83099	0.08673
2.71995	1.99297	0.07331
2.72095	2.07858	0.07911
2.72196	2.05734	0.0771
2.72296	1.76076	0.08007
2.72396	2.12894	0.08094
2.72496	1.90407	0.08103
2.72596	2.04254	0.08084
2.72696	2.0801	0.08119
2.72796	1.95909	0.08493
2.72897	2.09232	0.07814
2.72997	1.97269	0.07762
2.73097	1.85327	0.0771
2.73197	2.06066	0.08044
2.73297	1.99463	0.08233
2.73398	1.75966	0.08106
2.73498	1.72754	0.06986
2.73598	2.00256	0.07651
2.73698	1.86269	0.0747
2.73799	1.91984	0.074
2.73899	2.01042	0.08029
2.73999	1.91676	0.08524
2.74099	1.79464	0.08025
2.742	1.7347	0.08006
2.743	1.76927	0.08063
2.744	1.82933	0.07747
2.745	1.90875	0.07607
2.74601	1.92555	0.07722
2.74701	1.86294	0.07994
2.74801	1.8709	0.07985
2.74902	1.90344	0.08149
2.75002	1.90131	0.07529
2.75102	2.09358	0.08301
2.75203	1.99732	0.08153
2.75303	1.90133	0.0817
2.75403	2.07791	0.08379
2.75504	1.97865	0.08336
2.75604	2.06822	0.082
2.75705	1.9561	0.08208
2.75805	2.08357	0.08665
2.75905	1.99092	0.08516
2.76006	1.92234	0.08237
2.76106	1.96722	0.08026
2.76207	1.8089	0.08626
2.76307	2.11964	0.09061
2.76408	1.94863	0.08356
2.76508	1.83802	0.08386
2.76609	1.95523	0.08544
2.76709	2.03429	0.08436
2.7681	1.92762	0.08783
2.7691	1.68653	0.09294
2.77011	1.84704	0.08302
2.77111	1.76422	0.08653
2.77212	2.22253	0.0831
2.77413	1.88825	0.08814
2.77513	1.83023	0.0841
2.77614	2.01674	0.08373
2.77714	1.70674	0.08518
2.77815	2.13025	0.08215
2.77916	1.70485	0.08741
2.78016	1.70212	0.08508
2.78117	1.73669	0.08303
2.78217	1.92807	0.07946
2.78318	1.84938	0.08693
2.78419	1.88986	0.08308
2.78519	2.09857	0.09231
2.7862	1.81997	0.08567
2.78721	1.78902	0.08242
2.78922	2.00282	0.08558
2.79023	1.96685	0.09212
2.79123	2.01347	0.09579
2.79224	1.73099	0.09022
2.79325	1.89381	0.08526
2.79425	1.88776	0.08799
2.79526	1.92657	0.08229
2.79627	2.03377	0.08369
2.79728	1.94479	0.08532
2.79828	1.97372	0.08636
2.79929	2.18787	0.08997
2.8003	1.70517	0.0855
2.80131	1.91032	0.08362
2.80232	1.93848	0.08741
2.80332	1.73043	0.09215
2.80433	2.08502	0.09308
2.80534	2.16338	0.08905
2.80635	2.09849	0.09423
2.80736	1.98736	0.08961
2.80837	2.15948	0.08935
2.80937	2.18345	0.08798
2.81139	2.10055	0.09421
2.8124	2.01466	0.09138
2.81341	1.80848	0.08767
2.81442	1.90828	0.09181
2.81543	2.14533	0.08302
2.81644	1.73467	0.09025
2.81745	1.88584	0.08778
2.81846	2.10063	0.08715
2.81947	1.93013	0.08664
2.82048	2.12758	0.09022
2.82149	1.99144	0.09013
2.8225	2.00546	0.09142
2.82351	1.84833	0.08691
2.82452	1.93849	0.09501
2.82553	2.04637	0.08647
2.82654	1.8191	0.09005
2.82755	1.81864	0.0913
2.82856	1.941	0.09063
